"ID"	"X"	"Y"	"Hmax"	"Hmean"	"Hstd"	"CV"	"VD"	"h10"	"h20"	"h30"	"h40"	"h50"	"h60"	"h70"	"h80"	"h90"
1	5893.59	1243.75	18.83	11.923321799308	4.09610613328237	0.343537329800166	0.651914010511831	6.324	7.908	8.964	11.204	12.17	13.538	14.936	15.952	17.352
2	5894.42	1238.78	20.84	14.8096261682243	3.73623682162858	0.252284343925243	0.482732173873813	9.229	12.18	13.247	14.748	15.465	16.126	17.311	18.234	19.068
3	5897.38	1240.55	23.5	13.6408510638298	5.44251616361975	0.398986554295807	0.63612370575895	6.311	8.824	10.516	12.42	14.195	15.314	16.794	18.806	20.904
4	5961	1219.91	18.92	14.3300401606426	3.28938817945751	0.229544937947335	0.561683697638222	10.62	11.854	13.176	14.2	15.16	15.818	16.61	17.174	17.662
5	5965.78	1221.71	19.82	13.5942519685039	4.81939986418283	0.354517473660833	0.572962486747423	6.09	8.614	11.435	13.218	15.065	16.148	17.254	17.988	19.121
6	5970.26	1223.93	18.52	13.2485953177258	4.05245646360007	0.305878198134571	0.674471588730234	5.726	11.484	12.334	12.882	14.23	15.386	15.766	16.384	16.79
7	5973.36	1222.93	20.38	15.6863322884013	3.14902231447094	0.200749433109956	0.719586745167039	12.58	13.376	14.678	16.116	16.47	16.732	17.376	17.802	19.002
8	5974.63	1221.13	22.02	17.4181074766355	3.14702787820087	0.180675649316223	0.965464347747626	13.714	15.39	16.54	17.248	17.765	18.438	19.259	19.738	20.726
9	5974.28	1216.95	19.74	14.0011140583554	3.59403692456652	0.256696496406421	0.850420698833773	8.768	11.242	12.888	13.864	14.72	15.49	16.032	17.1	17.894
10	5976.87	1222.49	20.69	15.9677022653722	3.00011345489385	0.187886359917917	0.697029166948636	13.25	14.724	15.114	15.81	16.28	17.172	17.55	17.802	19
11	5978.11	1219.03	17.72	14.9775415282392	1.65473560902328	0.110481123080406	0.678983104373914	12.97	13.75	14.49	14.69	15	15.17	15.88	16.28	17.14
12	5979.54	1214.92	20.43	15.4932794117647	3.97581428695396	0.256615412482328	1.53391531885137	12.207	14.576	15.16	15.446	16.52	17.09	17.57	17.944	19.331
13	5897.08	1234.17	18.79	13.8669868995633	3.56969113912885	0.257423704585836	0.516568541201417	8.934	9.74	12.178	13.58	14.45	15.698	16.574	17.402	17.954
14	5896.16	1228.81	23.88	16.7214693877551	4.57547501386934	0.273628764779482	0.552660666350861	10.756	12.676	14.246	15.544	17.37	19.034	20.182	21.26	22.092
15	5902.92	1234.68	21.86	11.4041095890411	7.35563150346235	0.644998318021323	1.3173625679547	2.51	2.802	3.139	6.908	14.85	15.778	17.941	18.73	20.04
16	5920.08	1219.6	22.34	16.9232736156352	3.72641558550264	0.220194725331383	1.38503530260991	13.61	15.036	15.32	15.942	17.09	18.568	19.192	19.914	20.821
17	5929.47	1222.39	21.02	18.0723220973783	2.58014247457313	0.142767623367416	0.602287338431346	15.48	16.22	17.276	18.16	18.54	19.082	19.724	20.088	20.62
18	5930.42	1217.8	20.77	14.4189693593315	4.04979712529427	0.280865922131486	0.809817058040649	8.318	11.682	13.044	14.642	15	15.928	16.688	17.62	18.86
19	5933.22	1221.85	21.48	17.2843771043771	3.3415632517461	0.193328531978157	0.669960073086553	14.456	15.57	16.754	17.41	18.42	18.83	19.052	19.588	20.51
20	5937.79	1222.92	21.88	17.5214606741573	4.11120106519362	0.234638032847187	0.803049784575128	14.965	16.12	16.47	17.81	18.465	19.29	19.805	20.12	20.85
21	5939.61	1221.03	21.4	16.2399726027397	4.77725802422442	0.294166630762572	0.82335160497169	7.302	15.244	16.024	16.686	17.85	18.714	19.13	19.52	20.056
22	5938.88	1214.52	22.21	13.7388519134775	4.71360900440068	0.343086091478774	1.35571045092599	6.38	9.55	11.5	12.97	14.13	15.37	17.18	18.16	19.67
23	5964.1	1212.43	22.52	17.6937125748503	3.36729387809669	0.190310194305006	0.376711556247321	12.884	15.08	15.86	16.338	17.93	19.168	20.222	20.828	21.82
24	5969.48	1213.25	21.65	15.5365135135135	4.54863069494589	0.292770362603523	0.834630394080891	7.19	13.496	15.167	15.692	16.355	17.258	18.15	19.108	20.07
25	5972.07	1215.25	20.53	14.7744075829384	4.60891942289982	0.311952908908662	0.951929800816584	6.549	11.66	14.693	15.734	16.335	17.282	17.697	18.13	18.91
26	5977.51	1204.93	17.92	13.034435261708	3.57681166058932	0.274412476549493	0.81884008932801	7.748	10.014	11.526	13.054	14.32	14.78	15.3	15.942	16.918
27	5981.77	1206.58	20.55	14.8284982332155	3.15393807030581	0.212694368688061	1.27675892716158	10.695	12.28	13.7	14.65	15.36	16.05	16.315	17.43	18.71
28	5984.24	1204.19	16.41	12.9248275862069	2.43752405687646	0.188592384743123	0.588752791500305	10.02	11.59	11.73	13	13.67	14.17	14.45	14.95	15.16
29	5986.78	1209.77	19.58	16.1897206703911	1.97930825226686	0.122257097115132	0.403780650109404	13.316	14.43	15.082	16.232	16.67	16.858	17.226	18.22	18.608
30	5986.7	1207.8	19.24	16.2132673267327	2.7245858800599	0.168046688255585	0.227831540005865	13.83	15.01	16.19	16.58	16.96	17.17	17.44	17.95	18.29
31	5987.59	1201.51	18.03	12.975	3.50732944194349	0.270314407856916	0.852676456655613	8.534	10.36	11.28	12.438	13.35	14.394	15.808	16.38	16.806
32	5892.33	1220.36	22.15	17.4853359683794	3.18032212132788	0.181885102298245	0.570706728925582	13.042	14.778	16.014	17.358	18.14	18.99	19.748	20.176	21.106
33	5895.51	1216.7	24.05	19.3133789954338	2.9560127648228	0.15305518343122	0.494010962983014	15.014	16.332	18.122	18.88	19.83	20.786	21.33	21.756	22.64
34	5896.69	1220	24.16	18.5114814814815	3.19421957436349	0.172553427318009	0.609054611896867	14.73	15.792	16.52	18.096	18.96	19.898	20.72	21.14	22.382
35	5900.6	1221.88	20.8	17.0356140350877	3.70646574208013	0.217571596447656	0.385734587534682	14.08	16.49	17.36	17.71	18.05	18.5	19.04	19.31	19.54
36	5899.84	1217.68	22.09	16.3924186046512	3.68157571299211	0.2245901475422	0.484987931695653	11.668	13.294	14.882	16.162	17.46	18.064	18.556	19.226	20.62
37	5902.87	1218.16	20.69	14.410989010989	5.19114749127028	0.360221459284425	0.410547923574925	6.931	8.24	9.395	15.064	17.375	17.726	18.247	19.12	19.746
38	5914.32	1216.12	19.68	16.6363870967742	2.57226743625663	0.154616950260516	1.04892738715571	14.146	15.246	16.14	16.794	17.39	17.8	18.136	18.46	18.87
39	5923.25	1215.84	20.94	16.5246913580247	3.01001631784817	0.182152649791335	0.9135819178453	13.9	14.578	15.252	16.172	17.35	17.876	18.394	18.73	19.672
40	5931.38	1210.57	21.05	16.991640625	3.24368986390123	0.190899156561065	0.866211003586655	14.52	15.326	16.535	16.856	17.46	18.228	18.651	19.258	20.122
41	5932.49	1206.36	20.16	15.4506205250597	3.17748367184489	0.205654113806709	0.945162527351064	11.76	12.93	14.574	15.312	16.04	16.528	17.206	18.04	19.05
42	5934.61	1210.2	18.04	12.9542911877395	3.2685682550561	0.252315484319947	0.588752791500305	8.04	9.6	11.06	12.18	13.88	14.66	15.37	15.89	16.89
43	5979.09	1202.77	20.79	16.5073400673401	3.5100129930908	0.212633469642719	0.669960073086553	11.486	15.706	16.218	16.864	17.46	17.912	18.4	18.8	19.362
44	5978.01	1195.96	19.38	15.4454071661238	2.92453349394453	0.189346480962889	0.692517651304956	13.048	14.42	14.9	15.222	15.58	16.392	16.744	17.654	18.34
45	5978.84	1198.76	20.94	16.3529552238806	3.42418991439514	0.209392728562891	0.755678870316483	12.646	15.49	16.144	16.612	17.02	17.744	18.136	18.634	19.49
46	5981.74	1194.03	18.4	13.7367567567568	4.2496976016266	0.309366881635746	0.500778236448535	6.242	13.22	14.445	14.914	15.275	15.58	15.87	16.658	17.087
47	5983.82	1197.56	18.89	13.6806622516556	2.93585853553889	0.21459915328175	0.681238862195755	10.352	10.68	11.953	12.77	13.33	14.046	15.241	16.94	17.949
48	5984.32	1192.1	18.67	15.1189666666667	2.07075203218982	0.13696385988834	0.676727346552074	12.71	13.424	14.267	14.89	15.45	15.98	16.13	17.03	17.481
49	5984.92	1194.43	20.41	15.7368333333333	3.06303752147092	0.19464128878984	0.812072815862489	12.525	14.046	14.97	15.696	15.915	16.522	17.546	18.586	19.177
50	5989.28	1199.36	19.75	14.1102415458937	3.59483103018029	0.25476750475802	0.466941869120931	9.08	12.412	13.556	14.27	14.34	15.5	16.3	17.012	18.064
51	5989.6	1196.18	18.54	15.2033913043478	2.8518144076558	0.187577518105467	0.259412149511628	12.848	14.026	14.788	15.372	15.93	16.42	16.85	17.01	17.48
52	5988.62	1193.13	17.41	12.9184328358209	3.36438352048316	0.260432791131926	0.302271548126593	7.067	10.184	11.872	13.22	13.785	14.544	15.282	15.924	16.065
53	5892.12	1216.9	23.38	17.8127906976744	3.51919055835948	0.197565368508986	0.678983104373914	12.14	15.19	16.4	17.23	18.61	19.22	19.93	20.97	22
54	5890.63	1212.54	21.85	18.2895384615385	3.19996208026241	0.174961335792682	0.586497033678464	13.893	15.4	16.899	18.94	19.57	20.168	20.573	20.784	20.991
55	5892.82	1207.99	25.94	19.8189173789174	3.45358777778538	0.174257135834229	0.791770995465927	15.51	16.7	17.94	19.26	20.04	21.28	22.09	22.76	24.18
56	5896	1210.84	24.18	17.9426666666667	4.03384704652403	0.224818702897602	0.575218244569263	13.424	14.648	15.352	17.36	18.73	19.348	20.604	21.432	22.48
57	5910.05	1208.57	19.99	15.3661904761905	4.13657110291491	0.269199520162426	0.568450971103742	7.797	14.342	15.422	15.824	16.085	16.906	17.994	18.434	19.14
58	5934.39	1196.53	22.56	15.5185416666667	4.86559960195144	0.313534590199451	0.866211003586655	7.112	11.516	13.478	15.738	16.845	18.12	19.213	19.72	20.685
59	5941.86	1195.55	22.69	17.9924666666667	2.94933866781699	0.163920752082371	0.676727346552074	14.728	16.006	17.204	17.74	18.285	18.792	19.646	20.456	21.217
60	5944.81	1195.92	21.1	15.8321160409556	4.99181003493167	0.315296453235847	0.660937041799192	6.394	13.782	16.334	16.72	17.57	18.336	18.86	19.288	19.76
61	5947.81	1194.88	21.04	14.5320444444444	4.23451633015612	0.291391644606135	1.01509101982811	9.484	11.51	12.757	13.982	15	16.38	17.13	18.422	19.362
62	5951.11	1192.26	22.27	15.2042152466368	5.04284320448549	0.331674020834517	1.00606798854075	8.165	11.17	12.88	15.03	16.095	17.7	18.635	19.43	21.04
63	5953.75	1193.08	21.94	17.6421021021021	4.02166532090864	0.227958397340272	0.751167354672802	13.92	15.682	17.652	17.96	19.09	19.69	20.124	20.286	20.488
64	5956.24	1193.89	22.33	18.1515463917526	2.46743703698009	0.135935362405332	0.656425526155512	15.67	16.81	17.07	17.65	18.02	18.68	19.54	20.32	20.91
65	5964.58	1195.94	22.82	18.2248214285714	4.78211268782552	0.262395585414544	0.757934628138323	13.855	16.82	18.145	18.93	19.745	20.32	20.705	21.16	21.93
66	5964.54	1194.11	20.67	16.3484153005464	4.15831871167861	0.254356072758906	0.412803681396765	7.118	15.864	16.978	17.63	18.02	18.284	18.538	18.776	19.03
67	5966.66	1190.91	22.1	15.544380952381	5.80022931798927	0.373139936273939	0.473709142586452	6.988	8.518	11.839	16.906	18.17	19.05	19.613	20.534	21.151
68	5968.86	1193.58	19.66	15.5236513157895	3.50131283583568	0.225546990499227	0.685750377839435	12.82	13.04	14.669	16.106	16.62	17.366	17.93	18.14	18.53
69	5969.51	1191.23	20.66	14.6580110497238	5.84817401890819	0.398974594784359	0.408292165753085	5.3	5.4	14.23	16.42	17.38	18.13	18.91	19.37	19.9
70	5970.55	1188.53	21.53	15.9557142857143	4.49656096078493	0.281815083942112	0.505289752092215	8.165	13.276	15.495	16.224	16.985	17.816	18.771	19.266	20.265
71	5977.67	1189.22	19.19	13.2487707641196	4.75263177800214	0.358722470379912	0.678983104373914	3.93	9.56	13.47	13.94	14.6	15.5	16.21	16.8	17.89
72	5981.02	1190.89	18.43	14.7413432835821	2.27117199748777	0.154068184547147	0.302271548126593	11.986	13.188	13.886	14.922	15.355	15.818	16.113	16.458	17.007
73	5981.83	1186.93	21.97	17.5859770114943	3.88540501895468	0.220937683269753	0.392501861000203	15.029	16.2	17.146	18.196	18.585	18.986	19.574	19.966	20.607
74	5894.34	1204.02	23.88	18.8731300813008	3.58005705680071	0.189690689428765	0.554916424172701	13.71	16.38	18.01	18.73	19.575	20.1	21.13	21.94	23.08
75	5897.23	1200.2	27.67	20.3274035087719	4.28854069150145	0.210973363600068	0.64289097922447	14.578	16.514	18.784	19.386	20.26	22.03	23.412	24.142	25.49
76	5898.61	1201.92	27.43	20.3049597855228	4.13674516370706	0.203730773535267	0.841397667546412	14.026	17.212	18.574	20.288	20.99	21.554	23.01	23.704	25.17
77	5899.72	1196.23	25.09	19.0977419354839	3.81137613576397	0.199572082848307	0.629356432293429	13.178	16.052	17.452	18.634	19.42	20.78	21.734	22.738	23.584
78	5903.45	1194.65	27.66	19.7945220030349	4.37762168507926	0.221153189978929	1.48654440459272	13.792	17.048	18.32	19.328	20.72	21.39	22.016	23.062	25.044
79	5905.08	1198.84	25.92	20.287106918239	4.04510286875579	0.199392790951334	0.717330987345199	15.68	18.098	19.411	20.574	21.3	21.742	22.388	23.384	24.279
80	5913.71	1194.62	22.8	18.3214453125	3.43274563706113	0.187362163765492	0.577474002391103	14.89	16.33	17.555	18.38	18.935	19.45	20.34	20.88	21.915
81	5913.79	1190.47	24.21	17.5839965397924	5.3044680274005	0.301664528618198	1.30382802102366	5.454	16.48	17.852	18.09	18.86	19.23	20.449	21.36	22.512
82	5918.77	1193.68	22.96	17.0537262357414	4.60996062302736	0.270319844431754	1.18652861428797	9.63	11.77	16.575	17.29	18.175	18.94	20.055	20.77	22.03
83	5936.87	1187.63	25.5	17.4752623211447	4.85152062341509	0.277622191544722	1.41887166993752	11.498	13.724	15.782	17.266	18.32	19.16	20.416	21.234	23.008
84	5941.44	1185.92	19.98	14.9830362116992	3.31886481506798	0.221508162175869	0.809817058040649	10.488	12.268	14.104	15.042	15.55	15.97	17.11	17.626	18.66
85	5943.88	1185.1	21.88	15.3580730223124	3.3682726597032	0.219316098758597	1.11208860616724	11.044	12.28	13.292	14.546	15.4	16.16	17.108	18.57	19.99
86	5947.48	1185.13	18.78	14.7554666666667	2.68369641590902	0.181878111789688	0.845909183190093	10.272	12.872	13.918	14.896	15.73	16.094	16.468	16.874	17.634
87	5950.22	1187.82	19.27	14.85305	2.49521018798127	0.167993118449158	0.902303128736099	11.859	12.638	13.444	14.19	14.975	15.754	16.459	17.12	18.042
88	5950.58	1183.95	19.63	13.4873795180723	3.59665446266511	0.266668143937509	0.748911596850962	9.926	10.4	11.078	12.674	12.98	14.604	16.181	16.91	18.067
89	5955.19	1186	24.42	15.2247317073171	4.9727910373871	0.326625856730017	1.38729106043175	8.594	11.64	12.602	13.276	15.26	16.564	18.498	20.01	21.836
90	5954.06	1182.59	24.32	17.5955102040816	3.49079035686693	0.198390971127235	0.663192799621033	13.476	14.902	15.718	16.8	18.105	18.52	19.478	20.616	22.118
91	5962	1184.02	24.57	14.9691323210412	5.02092903514194	0.335418842419097	1.03990435586835	7.69	11.21	12.68	14.4	15.07	16.04	17.27	19.54	21.95
92	5961.21	1182.52	22.55	17.3978321678322	2.95580775669538	0.169895175915108	0.645146737046311	13.23	15.93	16.7	17.23	17.74	18.17	19.1	19.3	20.635
93	5963.65	1180.87	22.29	15.5755252918288	4.69623076673164	0.30151347570893	0.579729760212944	7.976	12.552	14.174	15.346	16.83	17.762	18.584	19.426	20.434
94	5970.88	1185.04	21.2	16.0116533333333	3.69887617523415	0.231011507570787	0.845909183190093	10.754	13.538	14.172	15.992	16.94	17.834	18.52	19.172	20.04
95	5976.75	1180.91	19.58	14.6196614583333	3.92963622708991	0.26879119179945	0.866211003586655	9.979	12.54	13.529	14.562	15.82	16.788	17.191	17.7	18.247
96	5909.83	1189.18	27.95	16.7426617954071	5.51350814938124	0.329308936461568	2.16101599332296	8.684	11.854	14.05	16.12	16.77	18.604	20.08	22.132	23.843
97	5915.32	1181.9	24.5	16.8437924528302	4.37775548164031	0.259903195429408	1.19555164557533	10.587	13.186	14.684	16.058	17.505	18.732	19.953	20.732	22.19
98	5918.93	1188.9	21.54	14.1897683397683	7.04596646010881	0.496552606878136	0.584241275856624	2.888	3.296	11.48	16.808	18.27	18.872	19.332	19.9	20.282
99	5919.69	1184.84	22.59	17.1891122715405	3.91615184628656	0.227827463362981	0.863955245764815	14.028	15.504	16.41	16.868	17.42	18.542	19.5	20.254	20.9
100	5928.21	1180.28	19.35	12.6615855855856	4.00858140970137	0.31659395125559	1.25194559112134	7.044	8.72	10.152	12.1	12.75	13.908	15.648	16.88	17.664
101	5936.9	1183.6	21.68	14.5769217081851	4.74832691700914	0.325742774233528	1.26773589587422	5.513	10.962	13.069	14.258	15.44	16.57	17.581	18.506	19.988
102	5936.16	1179.51	19.73	15.0439800995025	3.31871299448334	0.220600730161368	0.906814644379779	9.45	11.15	14.386	15.39	16.18	16.396	16.96	17.668	18.539
103	5939.52	1181.67	23.24	15.9769923371648	3.57313906787934	0.22364278535502	1.17750558300061	11.531	13.36	14.823	15.6	15.99	17.016	17.854	18.878	20.01
104	5943.93	1181.24	21.82	14.9833955857385	3.62536843279658	0.241959068093167	1.32864135706391	10.006	11.876	13.22	13.892	14.94	16.31	17.312	18.278	19.728
